name: tensorflow_env
channels:
  - conda-forge
  - defaults
dependencies:
  - certifi=2018.4.16=py36_0
  - hdf5=1.10.2=vc14_0
  - jpeg=9b=vc14_2
  - libpng=1.6.34=vc14_0
  - libprotobuf=3.5.2=vc14_0
  - libtiff=4.0.9=vc14_0
  - protobuf=3.5.2=py36_vc14_0
  - tk=8.6.8=vc14_0
  - vc=14=0
  - yaml=0.1.7=vc14_0
  - zlib=1.2.11=vc14_0
  - absl-py=0.2.2=py36_0
  - astor=0.6.2=py36_1
  - blas=1.0=mkl
  - bleach=1.5.0=py36_0
  - cudatoolkit=9.0=1
  - cudnn=7.1.4=cuda9.0_0
  - gast=0.2.0=py36_0
  - grpcio=1.12.1=py36h1a1b453_0
  - h5py=2.8.0=py36h3bdd7fb_0
  - html5lib=0.9999999=py36_0
  - icc_rt=2017.0.4=h97af966_0
  - intel-openmp=2018.0.3=0
  - keras=2.2.0=0
  - keras-applications=1.0.2=py36_0
  - keras-base=2.2.0=py36_0
  - keras-preprocessing=1.0.1=py36_0
  - markdown=2.6.11=py36_0
  - mkl=2018.0.3=1
  - mkl_fft=1.0.2=py36hb217b18_0
  - mkl_random=1.0.1=py36h77b88f5_1
  - numpy=1.14.5=py36h9fa60d3_4
  - numpy-base=1.14.5=py36h5c71026_4
  - opencv=3.3.1=py36h20b85fd_1
  - pip=10.0.1=py36_0
  - python=3.6.6=hea74fb7_0
  - pyyaml=3.13=py36hfa6e2cd_0
  - scipy=1.1.0=py36h672f292_0
  - setuptools=39.2.0=py36_0
  - six=1.11.0=py36_1
  - tensorboard=1.8.0=py36he025d50_0
  - tensorflow=1.8.0=0
  - tensorflow-base=1.8.0=py36h1a1b453_0
  - tensorflow-gpu=1.8.0=h21ff451_0
  - tensorflow-gpu-base=1.8.0=py36h376609f_0
  - termcolor=1.1.0=py36_1
  - vs2008_runtime=9.00.30729.1=hfaea7d5_1
  - vs2015_runtime=15.5.2=3
  - werkzeug=0.14.1=py36_0
  - wheel=0.31.1=py36_0
  - wincertstore=0.2=py36h7fe50ca_0
  - pip:
    - altgraph==0.15
    - cx-freeze==5.1.1
    - cycler==0.10.0
    - cython==0.28.4
    - dlib==19.15.0
    - enum34==1.1.6
    - future==0.16.0
    - idna==2.7
    - keras-resnet==0.1.0
    - keras-retinanet==0.4.1
    - kiwisolver==1.0.1
    - macholib==1.9
    - matplotlib==2.2.2
    - pefile==2017.11.5
    - pillow==5.2.0
    - pyinstaller==3.3.1
    - pyparsing==2.2.0
    - pypiwin32==223
    - python-dateutil==2.7.3
    - pytz==2018.5
    - pywin32==223
    - tensorflow-tensorboard==0.4.0
prefix: C:\Anaconda\envs\tensorflow_env

